9.597097546752856,10.105644676353364,9.061513607818842,0.13824660860008015,23583.588722349847,1898208.99689,2
9.598819919571742,9.986373412634865,9.061513607818842,0.12948121132692186,23591.451963508203,1885625.89176,2
9.6337018497405,9.797900529923162,9.493654624797284,0.06193468537035416,23759.884092146032,1899465.26086,2
9.665882831302063,10.047465592080451,9.42841220373646,0.10266892203698963,23920.59694489913,1913746.5196,2
9.692716037174081,10.047465592080451,9.42841220373646,0.10401007706237277,24053.647941996067,1921085.75494,2
9.711571289372593,9.887231265556922,9.556462623954806,0.07023802356701904,24145.80487386128,1943101.16522,2
9.699076051602777,9.85085180247386,9.556462623954806,0.060636284410467936,24083.392771522973,1920825.56378,2
9.683911365277778,9.797365579283982,9.592717151669902,0.04051871108593822,24007.623960705067,1919438.82795,2
9.68392830735548,9.844980156292673,9.51060354672659,0.07137665460922794,24008.591894738936,1929427.7156,2
9.68821264725289,9.955136801467681,9.477367659231858,0.10990388224765385,24031.62704940133,1921987.59719,2
9.71085355433572,9.998774652696321,9.477367659231858,0.12208970400784128,24144.78915829234,1940994.16713,2
9.715613700452428,9.998774652696321,9.550320726678226,0.0947388719661735,24166.94400775177,1927726.1195,2
9.69866738080712,9.85332181915123,9.557118080089008,0.06820939739143558,24081.61318026868,1924844.44182,2
9.716811054101292,10.273483696450228,9.196310532364201,0.17635445796523,24178.564596723012,1926093.70268,2
9.783799022073513,10.953699376167943,8.836052029241992,0.39302353776745397,24544.560846224864,1961402.58321,2
9.827622844288655,10.953699376167943,8.66583090340993,0.4246161574463413,24771.19223059167,2001949.48691,2
9.824267484274953,10.561831664359696,8.66583090340993,0.2604070529788512,24725.51511957075,1990105.59986,2
9.822978931210217,10.278817760721875,9.463096613035308,0.18105179808595592,24710.065878167035,1976685.95158,2
9.826326844471554,10.278817760721875,9.463096613035308,0.1592210834788741,24725.00495559846,1945503.11122,2
9.814877520015436,9.964111998160009,9.499967473631871,0.06781409258607524,24662.123387918757,1979161.47979,2
9.79649355699251,9.90169134873015,9.712314022776397,0.03543980882355554,24568.97075001478,1961153.04577,2
9.796447344799653,9.896771695961164,9.682161519521589,0.04395679601441405,24568.91207151309,1969318.22772,2
9.802834695337022,9.952906195558814,9.682161519521589,0.05182989989879567,24601.153127072466,1964622.1242,2
9.795049874402247,9.952906195558814,9.701328115451815,0.050262037931615135,24562.055248508033,1966153.60413,2
9.792112915448252,9.885756677850187,9.701328115451815,0.03730036677539878,24547.037866560015,1966223.81336,2
9.797832049474103,9.897243851693936,9.733905536207374,0.033067755028250455,24575.64322460787,1966181.75883,2
9.796730697874146,9.905567380056091,9.720797339866957,0.03946313519539007,24570.237364661538,1965544.72356,2
9.7976322695892,9.905567380056091,9.720797339866957,0.032921894741523135,24574.63857695974,1966260.34863,2
9.808602387252328,10.059909512936791,9.732621750444352,0.050843069859360955,24630.08404709499,1966203.24028,2
9.812149007681592,10.059909512936791,9.549713124954494,0.08601968065845597,24649.1308888083,1972146.63806,2
9.79935546516463,10.040003558924466,9.549713124954494,0.08967907134524007,24585.064926333245,1972473.22154,2
9.803083267601737,9.969852466121946,9.620377584325947,0.06088961351704413,24602.662168721254,1969741.81584,2
9.809373345848487,9.887489230782945,9.751542387108639,0.03231404934439891,24633.56150682311,1972029.66007,2
9.809451209589627,9.859233446328565,9.756821576134435,0.02161178687565753,24633.804826278745,1969135.64313,2
9.812923260863212,9.88925219933888,9.74764649637426,0.02759793251554745,24651.321489784175,1971663.52587,2
9.809334413152335,9.88925219933888,9.74764649637426,0.03147094706598383,24633.352204688363,1972237.03057,2
9.806033099027646,9.886888121721425,9.750839731822577,0.02622893796237283,24616.697112681566,1970024.66842,2
9.811496075984557,9.85830310094731,9.754089003251366,0.02440126162612223,24644.108971681104,1971833.15629,2
9.812332860187192,9.882180650236345,9.721226123962317,0.03037912577272214,24648.39655690037,1971226.69951,2
9.811054924069929,9.884849387851471,9.721226123962317,0.03008751931749511,24641.97221937549,1972331.41123,2
9.811179020305818,9.884849387851471,9.756974511329735,0.0245178239470548,24642.517732398115,1970617.10621,2
9.809312795793215,9.878143412214579,9.751175633294315,0.022574151101185932,24633.120542210672,1970728.98564,2
9.809014954304203,9.861709940351563,9.751175633294315,0.021101078709129577,24631.60822509726,1970041.17975,2
9.810086102682966,9.861709940351563,9.754205747505598,0.022299300681735457,24637.001369821268,1971958.42352,2
9.811162721986388,9.924303330989439,9.728740658979252,0.030786560043677663,24642.524613011115,1969961.98745,2
9.809897413713118,9.924303330989439,9.728740658979252,0.030239354397524232,24636.1604316492,1970632.01518,2
9.80694177474782,9.855464071383006,9.768568768054337,0.017533467987210748,24621.162085323147,1970344.83775,2
9.808074033362669,9.85823399245739,9.764710122262846,0.01980442254359788,24626.869365523286,1969231.46823,2
9.807035196899303,9.893884943021309,9.718466146885195,0.02823045638685784,24621.75649584373,1971744.14851,2
9.810923374621733,10.119263631557406,9.592285284367744,0.08410112366671346,24642.89035819548,1970025.09011,2
9.810460115267244,10.119263631557406,9.592285284367744,0.08254065800760421,24640.496802169277,1972524.62016,2
9.803996929487665,9.873416546459309,9.738900256015453,0.021430658460454048,24606.416657030557,1968765.31137,2
9.808285958321019,9.953597265110355,9.733975012201103,0.03827006143164235,24628.208137676604,1971010.11127,2
9.80907719577554,9.953597265110355,9.733975012201103,0.0366911248443201,24632.151467859476,1968556.78697,2
9.807848261724535,9.8479564298072,9.772940462620088,0.0148644443919266,24625.691770040336,1971217.53366,2
9.80991163679936,9.840570738753428,9.769801479098561,0.014562346308098247,24636.052066237815,1970435.88211,2
9.81277496799096,9.905095013105143,9.69957663548038,0.03330470416219488,24650.665414591815,1970887.44304,2
9.811514275207237,9.926646408369677,9.685255145891762,0.0520032597515899,24644.740278174766,1971802.90993,2
9.807843858901013,9.926646408369677,9.685255145891762,0.045122522385666795,24626.13432386784,1969344.63701,2
9.805762550448204,9.86123181547602,9.672971876087281,0.027811493914760444,24615.360684791354,1971148.58031,2
9.80927734963571,9.983917219606404,9.639153256042022,0.058234598200028916,24633.680227968944,1969989.74547,2
9.816911075571179,9.983917219606404,9.639153256042022,0.06393217989622113,24672.21257966038,1971944.80161,2
9.815992752221337,9.91994603462873,9.712833234295005,0.03697177793615327,24666.90063975054,1973543.72988,2
9.812527434164835,9.88466032234117,9.769554406374393,0.020841760531114546,24649.249030456205,1972401.00571,2
9.810665818061253,9.88486747266994,9.74035133490244,0.030049702205399445,24640.0170952392,1970160.79607,2
9.809477566023846,9.88486747266994,9.726152012340929,0.030691628956237463,24634.058776169753,1971333.44506,2
9.812020415363861,9.987632731197369,9.700391859701433,0.0542214570772009,24647.343257068736,1973812.54678,2
9.813998927493603,9.987632731197369,9.700391859701433,0.061415905335136266,24657.496796742074,1970344.73059,2
9.814316398329897,9.883658538145578,9.718107297672132,0.03797704859068296,24658.495647423177,1971976.77154,2
9.812508529918034,9.867006850494885,9.748852106712983,0.026365877040049536,24649.220815151675,1971757.89541,2
9.807854493081166,9.990850719555329,9.671296865175666,0.05160081281479464,24626.348134741907,1969622.71748,2
9.815643069190493,9.990850719555329,9.671296865175666,0.06152012248042523,24665.76219832765,1971731.08042,2
9.81666814826473,10.047265123960084,9.428671402023557,0.08997692645937293,24672.0177613953,1973090.03681,2
9.803168277646826,10.047265123960084,9.428671402023557,0.08472077973560127,24603.9771879373,1968753.87006,2
9.803940741728187,9.864240538411071,9.740835081208854,0.026446734138727838,24606.196095248502,1969671.22124,2
9.808827582331176,9.851861187594714,9.753496074810641,0.01886771026623855,24630.644359780235,1970354.39983,2
9.808730779286012,9.862215132616907,9.762806426654638,0.018739908030529336,24630.156975274433,1970182.6623,2
9.809790195095816,9.862215132616907,9.762806426654638,0.017532848054733964,24635.46651457509,1970575.05888,2
9.808562260431348,9.85728197514264,9.764935909855046,0.016515144802968083,24629.29058989208,1970134.38284,2
9.807789425937559,9.844942652772673,9.764935909855046,0.015173526264080616,24625.398696814555,1971040.37674,2
9.808071024613472,9.844942652772673,9.767031110351377,0.01537779699605094,24626.81438732872,1970385.15201,2
9.809106360595692,9.874260509219818,9.745512231477065,0.020808540617411043,24632.06415074342,1971116.11407,2
9.808713489125218,9.874260509219818,9.745512231477065,0.022594238270849706,24630.11092770561,1970069.35308,2
9.810478284550848,9.876630011408148,9.72739987368465,0.02736209127073535,24639.035611054715,1971117.27944,2
9.809625022075915,9.876630011408148,9.72739987368465,0.028338982692341995,24634.763819949556,1971490.4662,2
9.807167340781888,9.858223722604551,9.754627442423498,0.02077359412681785,24622.326474831825,1969844.44096,2
9.819004296658555,10.000527753295914,9.773959646467052,0.03744375298901979,24682.047337583896,1970239.47447,2
9.863937338937989,11.992909069421223,9.546523333966512,0.2602397530665806,24925.43604622623,1977921.49735,2
9.7821727074287,12.13632974017187,8.280262933464934,0.6540665456045817,24606.38871655476,2029965.44988,2
9.820049635458403,12.13632974017187,8.280262933464934,0.6212974793204045,24785.762662573212,2001497.84443,2
9.89456849783718,10.291191178634197,9.658607834888889,0.14626563933366352,25068.51312528426,1980986.91916,2
9.820522389113588,9.905783033415938,9.658607834888889,0.043193176243376104,24689.798565262143,1979990.42507,2
9.829783208812099,9.86811369239694,9.774493016405557,0.020691218827804423,24736.016911047904,1977680.08972,2
9.826950808940182,9.864961876907746,9.757588035477397,0.021609081979355793,24721.773863361057,1978034.43492,2
9.822872938439414,9.869287542866124,9.757588035477397,0.021114458174324606,24701.255317777748,1977125.07064,2
9.824324362994783,9.88520940789061,9.769041303677948,0.023842535405596173,24708.58691989182,1976562.01046,2
9.824002179154558,9.88520940789061,9.779823782877646,0.022947156771914723,24706.95561933758,1975979.17685,2
9.819527339034346,10.04521913634194,9.651564010211434,0.05111840873223259,24684.98694496109,1976572.96158,2
9.81829860805419,10.104700542990193,9.617229447373749,0.10180617953786517,24680.7941261084,1976242.87489,2
9.80753346895284,10.104700542990193,9.584024382509053,0.11141591099790836,24627.23231996253,1972609.51833,2
9.813164554981679,10.050247752781292,9.584024382509053,0.09520015100438652,24654.65898288641,1970560.22326,2
9.821029050368246,10.050247752781292,9.62082853648225,0.07094011145871366,24693.15689154324,1973831.41634,2
9.809625631290277,9.869027364678857,9.746934537076765,0.026836779541556353,24634.74566113366,1971900.27334,2
9.805523930280694,9.883660181227844,9.705241601990911,0.033470232787483525,24614.251469770297,1970081.21848,2
9.812959653555819,9.963909386225343,9.576651202846898,0.08231941728625787,24653.044134086835,1978103.81922,2
9.82533962726879,9.963909386225343,9.576651202846898,0.08034642548184376,24715.201110852115,1971209.60326,2
9.823950681173939,9.889051465532479,9.75803957122271,0.03165388498852815,24706.818292370626,1976091.85422,2
9.822254221285245,9.894565990472886,9.741693881540444,0.029496705754037296,24698.25229906079,1977355.48895,2
9.822589031620637,9.894565990472886,9.741693881540444,0.028950386524414222,24699.927912702457,1975946.98222,2
9.822646782482993,9.87324810591926,9.754096330870334,0.020286106198402244,24700.109142919217,1974976.50803,2
9.823179039296997,9.856746186506063,9.79494036481852,0.013280126947700643,24702.72583676304,1975966.57924,2
9.82349236116276,9.88097908052303,9.786463443477064,0.0174488020135084,24704.334497411786,1975560.60339,2
9.821513988061433,9.88097908052303,9.766932019101693,0.022826160345443908,24694.44046112832,1976526.32077,2
9.824421137263792,9.87521041342762,9.766932019101693,0.025096917516938946,24709.089417621613,1975397.92604,2
9.827562988540748,9.87521041342762,9.777347308189952,0.021185072880789673,24724.84943386852,1978489.65553,2
9.82127988119715,9.865537791860593,9.762650228167058,0.022411390264833252,24693.2584384567,1976334.78835,2
9.819320562101797,9.91609474541468,9.710630559165526,0.04079104527664134,24683.704373936627,1975664.41511,2
9.825948050739598,9.933280572596288,9.710630559165526,0.04899740477767522,24717.223895426112,1976003.39198,2
9.8222444245242,9.933280572596288,9.616006591554337,0.05526786262303552,24698.762258364335,1977803.72174,2
9.820849907765968,9.990628231833622,9.60790863276577,0.07851817116030678,24692.546051601712,1971876.7845,2
9.82322501505752,9.990628231833622,9.60790863276577,0.06723688507736071,24704.069246762687,1977765.53956,2
9.82334958545104,9.911777470243088,9.732930064473003,0.03831021708973285,24703.914176182938,1975682.23468,2
9.823954175975683,9.911777470243088,9.732930064473003,0.040501478994500906,24706.999301496522,1977336.60513,2
9.821841383535256,9.908110162786082,9.73381008335099,0.026378191059658416,24696.131576906075,1974655.19591,2
9.81751186270766,10.043239877117227,9.475744760479321,0.0805683159315196,24675.84778955204,1975906.3442,2
9.808245267965248,10.043239877117227,9.475744760479321,0.09851316040643118,24630.113300309997,1972822.41249,2
9.806165578667168,9.992242716477696,9.535701152522469,0.0799449702393165,24618.822285952858,1967486.75934,2
9.820391884327144,9.992242716477696,9.686093093417574,0.07473839414452167,24690.09474286533,1979128.53296,2
9.823804354617584,9.968396939124858,9.696762579362744,0.056434165055650666,24706.64110407397,1973119.24277,2
9.808589952864207,9.901623613794063,9.751098936360222,0.029514921635670835,24629.58284647113,1971968.91395,2
9.808510964207414,9.866165213394293,9.754888868245114,0.02542736319644735,24629.128674758707,1968516.42264,2
9.809441166321914,9.866165213394293,9.754888868245114,0.024027891664672073,24633.78261378788,1971985.36917,2
9.814103842575687,9.889305271462154,9.773086888015403,0.023651979816611296,24657.20157414608,1971035.28117,2
9.81637536079384,9.945663743440702,9.69633810094622,0.04967546845939078,24669.10537629877,1973260.03149,2
9.813316085230092,9.949426766845086,9.69633810094622,0.05747377802012285,24653.945810891666,1974322.33456,2
9.81657178675501,9.949426766845086,9.727892826841934,0.0383634119758617,24669.837669348577,1971409.51119,2
10.012774936626847,10.865350679642855,9.68906747212549,0.318009683547292,25691.338775135388,1999387.91097,2
9.947708023457832,10.87650006373546,8.294195432242557,0.5662816170864422,25415.057866193238,2131431.05594,2
9.66513198334328,15.761391291405914,7.626484656606792,0.8768084985558663,24110.99376603776,1835099.51539,2
9.673605731596094,15.761391291405914,7.626484656606792,0.7631307334288007,24105.220189868123,1922277.18795,2
9.711899663720551,9.877510764589683,9.390254341079427,0.06342482541839096,24147.2045533836,1934456.32825,2
9.72357172084358,9.867939641785966,9.641262393117875,0.03653756823036966,24204.59059309597,1935663.75409,2
9.726185412392976,9.823558437716883,9.579563351589726,0.04302067575287918,24217.736564425773,1936906.64805,2
9.732427427023303,9.823558437716883,9.579563351589726,0.04477612859798219,24248.87002213572,1941752.44961,2
9.742472257586067,9.990672379380038,9.588976131976796,0.0671983881383527,24299.592016179857,1938023.84869,2
9.742330591175559,9.990672379380038,9.588976131976796,0.06488105033116601,24298.80701400248,1946747.21691,2
9.74620653467073,9.914159257147082,9.57995484059786,0.04580307376555943,24317.60377293436,1945193.05178,2
9.751895074681626,9.914159257147082,9.57995484059786,0.04341879321005764,24345.94374123611,1947867.7106,2
9.747247151011411,9.794991156105151,9.705411940615038,0.017275314804970982,24322.336117606825,1946955.1036,2
9.748479766497535,9.790563259778517,9.693982878333282,0.01942555770059621,24328.50818818658,1944506.66394,2
9.750342537220488,10.463523360023563,8.372535381669914,0.20559033306950625,24348.530426414818,1948949.80223,2
9.768719433972676,10.463523360023563,8.372535381669914,0.22289651119090237,24442.25593200039,1963611.59669,2
9.775033728460393,10.130083706879486,9.571721253334841,0.0875320031284577,24463.090238492157,1948140.57951,2
9.760111026925516,9.840725998178927,9.696677426451895,0.027927508468616382,24386.700084132433,1949621.13476,2
9.755974804129677,9.840725998178927,9.682612423585173,0.029274768848085247,24366.054756071473,1950083.17145,2
9.755870240082702,9.86101300645017,9.662548139026002,0.03322833307302478,24365.595715443236,1949391.58204,2
9.76387610151119,10.47430425768347,9.421009074011417,0.13820598149827143,24410.208619259727,1958861.72374,2
9.775356653375692,10.47430425768347,9.421009074011417,0.14602367011048822,24468.203676909805,1958289.40805,2
9.7690795312172,10.005972269167447,9.623986476643513,0.08087889751353158,24433.012808527325,1953754.63996,2
9.75516548366567,9.957534491170334,9.623986476643513,0.06393623328094983,24362.83941264082,1946762.14394,2
9.758689520715265,10.024962123281096,9.509922466017922,0.08697328607284122,24381.33389163731,1949671.44869,2
9.757584954415933,10.024962123281096,9.509922466017922,0.08671722550942927,24375.80390908013,1950947.42432,2
9.747658464367507,10.053145348861996,9.437859211939765,0.08715901992597759,24326.257211573757,1950144.76658,2
9.754725365495425,10.068009480014334,9.437859211939765,0.11020922772760458,24362.704135709733,1945073.79422,2
9.762203330630662,10.092051774738291,9.44584712076861,0.11047185505954225,24400.081382230186,1949485.47785,2
9.755442471581034,10.092051774738291,9.455278207107408,0.10740880423696528,24366.129783693992,1949476.71849,2
9.755843393701461,10.007134074374997,9.455278207107408,0.08332397241075971,24366.95634094253,1952292.44761,2
9.764450105596152,10.000627655287396,9.52632179590957,0.08000597475512612,24409.827026092353,1951180.83684,2
9.761507359425678,10.000627655287396,9.52632179590957,0.0871344542190079,24395.42229535583,1952244.39875,2
9.760207428814926,9.9900570115535,9.527696740019348,0.06660007709757206,24388.11766368345,1950735.7105,2
9.768820903072712,9.851358470179434,9.650282951502133,0.03754909386823738,24430.405573314732,1953648.4984,2
9.76426466256606,9.851358470179434,9.650282951502133,0.032863230874676116,24407.537764500434,1952469.15034,2
9.763502601724348,9.855156574683068,9.660101104315986,0.0356885775492798,24403.777722482075,1953374.27211,2
9.763747552413324,9.855156574683068,9.65527313049463,0.037445770049777706,24405.035123955662,1952439.70611,2
9.760976304619613,9.833750917859728,9.65527313049463,0.030545430274488007,24391.06340931999,1952199.56558,2
9.76431977048066,9.833750917859728,9.696114537346238,0.027056779223568413,24407.724198272364,1952337.97092,2
9.769145669936494,9.89321391078295,9.67265506073762,0.03693106549189146,24432.01818215355,1951746.13466,2
9.79908026941035,10.496117268670691,9.363789204635376,0.21708680597202296,24593.689806764636,1961303.37541,2
9.775791538416282,10.496117268670691,9.229508923349405,0.2589602416981865,24482.089115994047,1955661.49624,2
9.736444413065815,10.133027955682042,9.229508923349405,0.16231606941412696,24275.122256668303,1951335.10917,2
9.763019150036389,10.093136069022929,9.485603794796088,0.12317519637752614,24404.91905356285,1955041.16515,2
9.772564447177142,10.093136069022929,9.491341095010657,0.09118677640231147,24450.900711019858,1954453.34013,2
9.774348679353604,9.967884418407824,9.52550925338913,0.07739200163448023,24459.233696639618,1952786.08434,2
9.788834696805218,10.38122630602501,9.467520516250264,0.1632928375491182,24537.07501367617,1970869.34789,2
9.784078663435821,10.38122630602501,9.467520516250264,0.15760294450253692,24512.776698986483,1955593.59266,2
9.769268313803863,10.003246004485614,9.47409551108975,0.061693380526522255,24433.256821835006,1954889.23889,2
9.766946034625633,9.867353419245498,9.643535702304813,0.03372280425377044,24420.95925012893,1954168.83429,2
9.773399578684556,9.94048446090758,9.643535702304813,0.05427444954623528,24453.704970369276,1954068.15888,2
9.774091899764283,9.94048446090758,9.627826019767022,0.07082074416050739,24457.699338967344,1956597.11812,2
9.769161836646557,9.886186198340068,9.627826019767022,0.06903114235897083,24432.96980203697,1955201.46386,2
9.76992142856491,9.946046422971227,9.524350089057707,0.06850270639647063,24436.750679325556,1955270.61654,2
9.78222026216784,10.430441126236026,9.170241655255406,0.18757851646094692,24506.11685309562,1965021.15813,2
9.76904130782281,10.430441126236026,9.170241655255406,0.20978327897213397,24442.41333710969,1946559.8803,2
9.756758850508295,10.082180501532402,9.314760098430941,0.1289306617815881,24374.007393924967,1960432.35137,2
9.762218206316225,9.955540194543847,9.486192384824722,0.0941300226194354,24399.29978083592,1948329.24314,2
9.753089071030457,9.885939607278347,9.496236955238768,0.06946989846123532,24352.658558526968,1948442.909,2
9.748401588458105,9.854576394237519,9.600843785885008,0.04163283042233503,24328.465106539894,1945872.4775,2
9.756239717534942,9.912651809490374,9.441400720334443,0.06638261355280023,24368.286739811425,1950821.22323,2
9.765012044679345,10.252455978212291,9.134997547414065,0.15686430229136328,24417.29706036891,1952386.72994,2
9.761201277960108,10.252455978212291,9.134997547414065,0.16148962116921542,24398.625097368436,1954136.15658,2
9.759571308990436,10.064273667202135,9.336140023754531,0.11918052385416934,24387.439649929074,1948001.61778,2
9.757893216097228,10.162559781020926,9.336140023754531,0.13967350620679847,24380.413108503657,1950551.68709,2
9.756782504431028,10.162559781020926,9.339347737298564,0.10717644920446966,24372.810657289083,1951967.86065,2
9.756316562970444,9.895478943350104,9.645716926282883,0.03460766930471375,24367.84910532253,1949203.96382,2
9.761299112560913,9.846886204898016,9.653173025718798,0.03504057794339587,24392.752180988184,1952448.86526,2
9.756650437659545,9.88691411865095,9.631623708248792,0.049372593608470024,24369.83434641454,1948148.036,2
9.879883001601137,16.217517734522424,7.274556717625883,1.109620457394575,25303.89649530768,2028745.87715,2
9.893334535649787,16.217517734522424,7.274556717625883,1.1145456596026417,25374.791746974683,2008140.52505,2
9.74766016956736,10.366850837912619,9.353969230050613,0.1308291736403071,24328.702733835613,1947116.70133,2
9.724146537532793,9.829876117403332,9.579623213730695,0.043228627147848336,24207.589016989717,1936107.20841,2
9.748741987899596,10.40846286535912,9.401936654007015,0.12324098047075413,24333.60862359141,1936819.32229,2
9.785691340398857,10.556406232417284,9.401936654007015,0.1811527842345839,24522.89826324304,1980096.11375,2
9.778945146970292,10.556406232417284,9.40220011113817,0.1549300075030593,24486.853502637758,1940868.67868,2
9.75895808104515,11.090537924706549,8.773556134621415,0.40370683568863863,24422.461961415218,1941388.05869,2
9.763551597840927,11.090537924706549,8.773556134621415,0.40161629370454055,24444.988275474192,1964006.19409,2
9.759927505409422,10.600931246901045,9.206486891507195,0.1610484377242639,24392.22310659605,1946118.53054,2
9.748213427028066,10.600931246901045,9.005546691543628,0.2054397432056654,24337.886849786548,1952914.14786,2
9.764081754037967,10.258501573938002,9.005546691543628,0.1564635629067338,24412.61397658998,1951179.60709,2
9.762770463620601,10.16286558943656,9.287204504347503,0.12128223846789658,24403.557505717912,1949634.58625,2
9.75176200665087,10.024748046347105,9.287204504347503,0.09765574242287701,24347.238112867213,1951652.51524,2
9.759112094590742,9.800673141109776,9.716599957941657,0.016439660735451937,24381.578019131495,1950030.97984,2
9.766640657511452,10.000319120487596,9.352490757257282,0.07166703073697693,24420.455909440105,1952263.29609,2
9.782260722450456,10.756366377159306,8.955887026455345,0.25159768804137383,24513.51711708791,1947003.49773,2
9.773942399685307,10.756366377159306,8.955887026455345,0.2722796768604784,24474.646081228137,1972291.04549,2
9.758921033240814,10.275583961634776,9.170694349786714,0.15808542819266608,24386.951868323024,1950149.41632,2
9.761927859915971,10.001966962649007,9.323926655650599,0.1002200184165625,24398.151576139528,1948591.07211,2
9.763521656507335,9.845706400105842,9.623116670192394,0.028995679600310943,24403.762146949943,1952808.8081,2
9.762203351916824,9.848788683730008,9.696444721310282,0.025902204529861677,24397.12901334415,1951736.55042,2
9.763781984140728,9.848788683730008,9.696444721310282,0.02696679168086702,24405.034455471257,1953226.14051,2
9.764382903036234,9.820452716977927,9.696970846093333,0.02424768009046728,24408.002925336597,1954426.05757,2
9.849335638144801,13.474838378915138,8.14668168571555,0.7190511027722009,24966.77043231416,2033810.01395,2
9.838844779259315,13.474838378915138,8.14668168571555,0.7229095731054062,24915.318999358904,1956430.40589,2
9.739254445727434,10.193762106699305,9.56897049938018,0.07433178883349502,24283.802207603912,1943850.87833,2
9.737766008689759,9.872863751229136,9.586180116192226,0.04562478465527435,24275.49912600794,1942708.72835,2
9.744533041836506,9.81828217054232,9.662929084671351,0.030602338302497895,24308.95634087757,1943887.2964,2
9.744827646278594,9.880935381199734,9.653292511660151,0.03535181765542792,24310.506395311902,1943477.48456,2
9.742765262509897,9.880935381199734,9.652599393987254,0.036742797430984644,24300.243198344346,1945773.52149,2
9.746872143411672,9.865154134786572,9.652599393987254,0.029440253270264095,24320.610126982923,1945565.10573,2
9.751685596884474,10.113707708692871,9.675113361057837,0.03948811291573667,24344.814410635718,1946135.55065,2
9.753418706542321,10.113707708692871,9.706816475553515,0.03557454654426858,24353.393155453832,1949137.30799,2
9.748831012759386,9.787765696129387,9.685372737538824,0.015979351188308958,24330.230132480916,1945125.96873,2
9.747969768742884,9.790545950948651,9.685372737538824,0.017366827622455852,24325.943352070877,1947530.39508,2
9.74982371374244,9.790545950948651,9.712724214861385,0.016056713418658716,24335.185988377663,1946780.01295,2
9.750597260173308,9.798586440917036,9.698076583022642,0.015940509134814113,24339.04666366226,1947010.29377,2
9.752334649295193,9.798586440917036,9.698076583022642,0.015201927849080503,24347.715125876202,1948103.76723,2
9.750441418119044,9.838268460235131,9.70087904962526,0.018637151594035846,24338.292529047252,1947077.52636,2
9.751457169694774,9.838268460235131,9.70087904962526,0.021783865558375595,24343.396216112713,1947409.89541,2
9.755201297713295,9.811741908761174,9.70854384393132,0.020152371165857358,24362.07577010452,1948635.05501,2
9.7525705021576,9.796718876407388,9.70854384393132,0.017433866535679257,24348.911446849765,1947978.47573,2
9.7522373602901,9.803679397138396,9.70686611982733,0.016730292165915255,24347.241839133174,1948809.2982,2
9.754235182805767,9.803679397138396,9.693850460855682,0.019347245453869826,24357.24244925248,1948401.14588,2
9.754151144857644,9.823737915427945,9.670493555524462,0.023613309529856803,24356.86966914935,1947834.65082,2
9.754800071079607,9.884790439478369,9.665796865607792,0.026922143636599682,24360.153402509488,1949157.57845,2
9.75552306888099,9.884790439478369,9.665796865607792,0.023090739989849358,24363.715463614062,1948400.31678,2
9.757472275704856,9.801709514869422,9.705013791512753,0.0162769202998497,24373.383718216544,1950183.39693,2
9.758968691714403,9.853224084435274,9.716644937780124,0.018012625988621786,24380.875361422575,1950505.62208,2
9.758401954537877,9.853224084435274,9.716644937780124,0.0178613616691306,24378.042300049758,1950815.75792,2
9.757856181663254,9.793981464260593,9.714890107691629,0.014618998770672693,24375.288570150107,1949817.54207,2
9.756676857760135,9.811859407132891,9.70922867067793,0.016584293297252604,24369.412696457308,1949196.46952,2
9.756811874663331,9.813511664268841,9.70922867067793,0.019746530266226782,24370.116578055415,1949646.47005,2
9.757099093145218,9.813511664268841,9.710597712633897,0.020067236346612834,24371.55466430203,1949917.24947,2
9.756821680307043,9.824274769388948,9.695861696036399,0.02161134941507498,24370.18530604367,1949217.0691,2
9.756651476949642,9.82504645995429,9.651050302228096,0.02607940201203063,24369.389613535473,1949556.757,2
9.758916830286275,9.854083601336603,9.621423119455304,0.029369379309892366,24380.753986786753,1951296.73494,2
9.797343945960286,12.584821426932825,7.693646847824686,0.6240395855965284,24672.607692758058,1959339.14489,2
9.84155707281025,12.584821426932825,7.693646847824686,0.6311335913945071,24897.171258257404,2003138.13978,2
9.80463170946792,10.3028879245496,9.546137839537556,0.1275069176365069,24613.64760892134,1969078.79763,2
9.76670792560943,9.915065370593123,9.546137839537556,0.0699557957279938,24420.730244484603,1955275.86597,2
9.776448592122541,9.931653942921548,9.560011854590579,0.05833576126012078,24469.08163467689,1958280.08869,2
9.778709484728608,9.931653942921548,9.560011854590579,0.04985471868784214,24480.16503800235,1960206.74212,2
9.779715605770878,9.833911564791336,9.721588270179117,0.023238172424886055,24484.70459965853,1958850.48482,2
9.781904789011303,9.828909425772068,9.725098736470061,0.0196142944428189,24495.62778158817,1958788.55749,2
9.782416724462498,9.833615559681096,9.723707852306479,0.023034095677246125,24498.229130395463,1959507.95773,2
9.783481602367303,9.8721272496658,9.60539501898792,0.03570880919583922,24503.7535700259,1961328.87468,2
9.77968635260881,9.8721272496658,9.585059487770414,0.043927926156350015,24484.913873433456,1960722.01147,2
9.806011569318073,10.433803766466664,9.480943966977943,0.16229424801781178,24623.15579405813,1968699.62122,2
9.811964506798391,10.467331650785024,9.270196656871986,0.23628600791821502,24660.602511413585,1980080.30629,2
9.779180854824329,10.467331650785024,9.270196656871986,0.18269799123450015,24490.43372732513,1959084.52007,2
9.77530993598288,10.202912454566857,9.25093094364073,0.18946249525587805,24471.700577698364,1953624.83259,2
9.77595244201791,10.202912454566857,9.25093094364073,0.19384592032525094,24475.346531692216,1961322.05465,2
9.770025750781592,10.07176343109035,9.544805626929074,0.08789845669875071,24438.049103264115,1950013.08528,2
9.769160882586924,9.915568683601085,9.544805626929074,0.06487121058921913,24432.82243170044,1955526.85516,2
9.775280197163966,10.032159204637104,9.628464716541334,0.0594354814926215,24463.266690438715,1955310.34152,2
9.774461617236623,10.2450906721166,9.502956044787755,0.10650879659339658,24461.16967182944,1951953.17393,2
9.77130634622037,10.2450906721166,9.502956044787755,0.09358899257731763,24444.71977247185,1955910.26163,2
9.771727105087326,9.848516566056187,9.711917276083192,0.02473057570620145,24444.73912772432,1955463.21279,2
9.769978762971942,9.848898807893963,9.711917276083192,0.024627704278817168,24435.991437501652,1956209.48923,2
9.770334857350548,9.857011182996924,9.680940305243078,0.02792057294074072,24437.817032487037,1955756.21796,2
9.77373931036124,9.857011182996924,9.680266396017183,0.03176856802011065,24454.90927329655,1956923.61858,2
9.77630695990337,9.84995255390939,9.680266396017183,0.026888183791586938,24467.686591662765,1957095.51849,2
9.776587139531529,9.893827883560919,9.444502422042268,0.054825930224400306,24469.673466746437,1957584.92796,2
9.777111862147759,9.893827883560919,9.444502422042268,0.05476145496986781,24472.298286566613,1957214.34924,2
9.776807951931854,9.848302729232325,9.544654812439694,0.03491912805948444,24470.321427062376,1958152.24518,2
9.782298742973403,9.985663902329993,9.394493608631253,0.06578555419911002,24498.610287595595,1959017.33088,2
9.778245003944278,10.073994745934755,9.349080705142917,0.11043238373425146,24480.32529114584,1956202.97648,2
9.771867727886363,10.073994745934755,9.349080705142917,0.13301490724337867,24449.81551535512,1956352.35692,2
9.600685754655897,11.12811056991113,7.23977942332518,0.6790813805146158,23714.385531139662,1959321.73558,2
9.603607499330069,11.612361073459653,7.23977942332518,0.8467852801845058,23794.258511853033,1816822.91674,2
9.903370176081278,11.612361073459653,8.112399803452774,0.6209935337789618,25206.367696253805,2053287.82105,2
9.872396156711229,11.150261971109378,9.134319850282074,0.3805321342945693,24987.906708551018,1942996.95761,2
9.69867710706987,10.124274804328135,9.436810794571985,0.13257030773322226,24084.969603505564,1926505.82119,2
9.683638000833852,9.96544869828311,8.934793632311543,0.12763425182081345,24010.01867095841,1917925.15278,2
9.682255043954854,9.96544869828311,8.934793632311543,0.13656216538051594,24003.766262067875,1915318.58639,2
9.669592915203335,9.955645644787198,9.416888118503639,0.07355080692744381,23937.64783793926,1917951.88105,2
9.670625063603715,9.765785859739808,9.581034729998795,0.030679052109208134,23941.614163209902,1916550.1191,2
9.674883218846167,9.84743083798788,9.583326231700692,0.04133386280786303,23962.898889350607,1915987.88609,2
9.670322619530555,9.84743083798788,9.552114997293003,0.05269089926777219,23940.58646954751,1916494.11852,2
9.671874259702761,9.844303899332411,9.552114997293003,0.043735139773302414,23948.04850123567,1916497.03322,2
9.676583116259621,9.74252786247998,9.634545215970288,0.020715427289489132,23970.992623310984,1917675.70224,2
9.685239169795272,9.802981937283079,9.602281198451323,0.03146161544662518,24014.04098800208,1920485.99132,2
9.680071530068524,9.835193470254772,9.53524990676956,0.06407761693359085,23989.22003666818,1916715.19751,2
9.678512815177772,9.882321777949212,9.517943839078667,0.08804515080923532,23982.428739108196,1920648.62822,2
9.692090252500263,9.882321777949212,9.490341556058661,0.08380316696776029,24049.570926951536,1922249.62616,2
9.69546147346205,9.825282062349846,9.490341556058661,0.054364254176627956,24065.261735812877,1925032.495,2
9.694670862491133,9.762063983150979,9.639285485370724,0.025124281742966607,24060.74223656132,1924317.63661,2
9.693874739645363,9.73657981538527,9.639285485370724,0.021157672182564993,24056.743709446826,1924382.37279,2
9.692984251616528,9.763555416151835,9.601875288094607,0.030127436371401615,24052.441949314136,1924235.37858,2
9.691271544891872,9.763555416151835,9.601875288094607,0.03497027143622704,24044.023571639107,1924356.25317,2
9.693665727177287,9.754898595317243,9.627377957321317,0.030722877679190897,24055.833376118895,1924277.80377,2
9.693919193664733,9.750971940861321,9.627377957321317,0.02513084723668138,24057.011428552792,1925325.5988,2
9.69219899622743,9.750971940861321,9.645038267075307,0.017959892491562723,24048.395248693843,1923450.13016,2
9.689704079084187,9.722779358604052,9.652572694413841,0.013596383175863655,24035.98080047519,1922620.47961,2
9.686452248876181,9.725096209544446,9.644586062040226,0.014132944280124139,24019.854568927352,1921520.03819,2
9.689511604028453,9.855662746524473,9.513083435109348,0.040366649639557765,24035.39573529733,1924954.72057,2
9.691687005109348,9.855662746524473,9.513083435109348,0.04382194614745029,24046.263646200205,1921875.37382,2
9.688905371122587,9.743099766523295,9.620616940797893,0.023256038108327652,24032.109602272416,1922509.24004,2
9.693286278978068,9.746745185568672,9.623393346466655,0.02278556672009694,24053.841425478466,1925698.29367,2
9.695966076054745,9.790519152874321,9.622084317050382,0.03266338952441363,24067.283211525035,1923262.35258,2
9.698046016513192,9.790519152874321,9.622084317050382,0.031813846558902424,24077.59581676551,1925685.67785,2
9.699496425296338,9.757854654121273,9.654050508823726,0.02124843786217192,24084.6546945147,1927474.13059,2
9.697686286484402,9.747026594326325,9.648157252153943,0.018154025982376275,24075.63491321012,1925244.67897,2
9.698066182480925,9.760807786856521,9.648157252153943,0.024059896122929185,24077.58503894569,1927644.62082,2
9.698835784290077,9.760807786856521,9.648491245384585,0.024920501204859502,24081.417370113544,1925555.09387,2
9.700065276473904,9.777908135371069,9.61544279340023,0.02769783455005991,24087.560585700754,1927695.56825,2
9.698327372087636,9.777908135371069,9.61544279340023,0.03029891167514304,24078.968791099644,1925820.42682,2
9.69827985371001,9.765807439765911,9.641419336794346,0.025047540544867724,24078.658432042193,1926646.82533,2
9.70063735813861,9.765807439765911,9.663099829286846,0.022033756850279553,24090.32976398218,1926695.98391,2
9.699975189109912,9.755231570049983,9.665561674988895,0.01965877230383303,24087.015714989153,1926868.53131,2
9.697685602198218,9.769478386398951,9.597367064474538,0.02490002778288991,24075.70586891935,1926054.94452,2
9.697447665385354,9.769478386398951,9.597367064474538,0.02732451149088646,24074.556890064916,1926141.37428,2
9.696828970614648,9.783882123663501,9.642403238342158,0.026177900581125135,24071.46940616458,1925187.72482,2
9.696498846042838,9.783882123663501,9.642403238342158,0.02821066687623806,24069.858742537133,1926606.4802,2
9.696717352345537,9.761043819875933,9.645286872310638,0.02162978488995079,24070.859586271596,1923358.53832,2
9.69634801203223,9.727780837656269,9.65864221206672,0.014081103452787005,24068.956940266453,1926909.47092,2
9.697374898916223,9.764100948542236,9.629502187034516,0.019947327997353582,24074.106323462307,1925242.17124,2
9.697332924612805,9.764100948542236,9.629502187034516,0.02537399574325437,24073.960880752515,1925684.697,2
9.697367452979663,9.789820810895018,9.621147890495752,0.035129976428489605,24074.2834261384,1925077.91665,2
9.698006701096544,9.789820810895018,9.621147890495752,0.035699163738260986,24077.4677516301,1926164.79725,2
9.695019516231188,9.78903389599915,9.610447313014674,0.034108529318733406,24062.609103840226,1927199.17282,2
9.695058514604344,9.775525095020068,9.610447313014674,0.037564572062636394,24062.86609886117,1924919.00625,2
9.700067626379647,9.808518261282428,9.611839434611884,0.043125635791815456,24087.85197486104,1925489.1656,2
9.69682503595401,9.808518261282428,9.593764670580448,0.04416803485075561,24071.773847861004,1925239.22439,2
9.695635865349605,9.818212658257242,9.593302127211862,0.04548218861392094,24065.900406511282,1925983.67071,2
9.696587249004196,9.818212658257242,9.593302127211862,0.04005964896768586,24070.504717574702,1924489.70024,2
9.69365366524568,9.782702165164572,9.603478845787958,0.030949304527498493,24055.777085742528,1926437.57027,2
9.699588053558587,9.782702165164572,9.603478845787958,0.03316618804761011,24085.275751620113,1926554.76552,2
9.702101365866874,9.76980571405998,9.630761210882406,0.026629211223688682,24097.65888728224,1926244.75994,2
9.695834475097385,9.759458280192545,9.630446262595942,0.02804561802142819,24066.558137645356,1925981.27872,2
9.698804402746571,9.779320378725945,9.630446262595942,0.03210280742717108,24081.366382843134,1926849.60391,2
9.701140976054731,9.792443634994637,9.610281960166652,0.04039327035623259,24093.12457051602,1927365.61767,2
9.697926352910278,9.792443634994637,9.610281960166652,0.04215597590589285,24077.19748423071,1926336.54569,2
9.69746883845762,9.770630089117716,9.611367787628305,0.02986704714055433,24074.69924182054,1925721.30675,2
9.69546426756403,9.75387211471138,9.626188073435136,0.02612275010630756,24064.69369899111,1924989.65244,2
9.696837383554877,9.770650041055834,9.62427723447109,0.03213733636118569,24071.60014118292,1927393.12527,2
9.697888731082275,9.770650041055834,9.622045156800354,0.032107481971178575,24076.81964309788,1925654.48133,2
9.695879309065997,9.76094033531868,9.622045156800354,0.024102203958408272,24066.728062005695,1924701.63577,2
9.693633385309145,9.724285509707055,9.650878748512813,0.012950958279460753,24055.47415964169,1924563.84421,2
9.696106153744456,9.72923382999285,9.650878748512813,0.014935373249527147,24067.76258817413,1925856.16839,2
9.696985517730907,9.730398883611437,9.65992751896409,0.015281393469338652,24072.13098292975,1925066.5333,2
9.695886680771906,9.730398883611437,9.65992751896409,0.013949829862176556,24066.665759775555,1925803.60731,2
9.696759820826824,9.786331051934997,9.593733664714332,0.028275093631483585,24071.155328952656,1924847.29742,2
9.703982890753501,9.853860143712883,9.561479868244096,0.07348077808039294,24108.206942408695,1924594.4689,2
9.69280177471196,9.853860143712883,9.513012635509444,0.08664397275996873,24053.225835999987,1925361.833,2
9.685074302976998,9.81189729732813,9.513012635509444,0.06916786627578436,24014.1948026651,1925798.67328,2
9.697601104694387,9.85182328100081,9.576290951565193,0.05594100011581488,24075.928724803525,1921665.64657,2
9.671444020947256,9.85182328100081,9.490648386253303,0.06511110503579608,23946.513640016747,1916292.10551,2
9.650832270145258,10.638152293586137,9.086346942282422,0.21240578805863455,23855.022009671135,1921180.06082,2
9.64495271169283,10.638152293586137,9.086346942282422,0.21471297024079533,23826.23090441741,1904020.76989,2
9.640924571494843,9.823676636453857,9.391601343384306,0.08256091726790976,23796.286181968157,1903288.87496,2
9.645690803192547,9.823676636453857,9.429898257905556,0.08658337157502131,23819.993024262803,1903032.08364,2
9.64371452830608,9.884278187429135,9.429898257905556,0.09727623602656206,23810.737297806663,1908644.64171,2
9.642770723531939,9.884278187429135,9.424818481557976,0.09813253328014632,23806.12024849732,1905797.22352,2
9.645437510073751,10.10218400568824,9.424818481557976,0.09119388155349589,23818.951957701254,1896747.68107,2
9.668620218407707,10.373040752854703,8.753135142069304,0.3147562825046874,23956.80984196568,1956548.349,2
9.808379289961518,10.75232361604829,8.753135142069304,0.4381266961501088,24677.442380192108,1965471.36857,2
9.8798069740072,10.75232361604829,8.869564084453831,0.3073225867924884,25012.488452094498,1966912.59408,2
9.855224784344578,10.138676769937751,9.552347995993482,0.13448456403751738,24868.746661868536,1989069.30251,2
9.833992935474008,10.118398634613062,9.018991462711462,0.18554232315735938,24765.911810210644,1969459.81609,2
9.788570514701506,10.280232636521472,9.018991462711462,0.23134568939483235,24542.62618861704,1979746.40361,2
9.81492869377232,10.280232636521472,9.112571043665076,0.19017109766410317,24670.46151941683,1970825.66548,2
9.818525375952898,10.126413457558844,9.359452564261165,0.13299112483766626,24683.80856256424,1972813.61539,2
9.79707092039708,10.022530698151694,9.465880207907663,0.11446171736038944,24574.899226631976,1968201.65787,2
9.801118962401858,9.970433729833193,9.611317500682077,0.06873325231696631,24593.064236832593,1970724.5705,2
9.80636793147565,10.681566619674555,8.906966440114392,0.22557096858676545,24631.22797295186,1970118.18432,2
9.807915804543669,10.681566619674555,8.906966440114392,0.23581431656568,24640.2101301542,1971371.77164,2
9.795664497800944,10.106370784656217,9.129872559743108,0.15566804321966196,24570.69452624836,1969454.99686,2
9.82280834624683,10.649327865875973,9.049778682700284,0.2504769516442128,24716.877442662757,1978055.30974,2
9.833240055341832,10.649327865875973,9.049778682700284,0.2662065641531609,24771.44983571898,1968244.38458,2
9.812775112710508,10.432929182583596,9.170024653328005,0.20486160415615837,24661.12606450897,1976165.65602,2
9.825245682470587,10.537082294457479,9.280032734933801,0.21083057727613624,24724.4549768247,1976333.09719,2
9.843432684133116,10.537082294457479,9.280032734933801,0.19661253879625376,24814.546815352835,1980768.56835,2
9.823545557623222,10.86222334245908,8.155098088174636,0.40765257948642647,24747.06635475478,1983432.03377,2
9.78020481636877,11.216690965596452,8.155098088174636,0.5379941003375248,24561.11203894294,1979552.6873,2
9.746812219008241,11.216690965596452,8.840472843516109,0.4015123827883847,24361.35952029204,1925889.38834,2
9.721549128571791,10.143823724552393,9.236776433167746,0.17639701359758278,24202.146141604117,1936861.04116,2
9.721261604991382,9.926878047774625,9.357039016200298,0.13027676270953564,24197.094202260912,1940975.29459,2
9.726902950228885,10.141578202926768,9.357039016200298,0.1655972012541195,24227.85623967606,1939670.08128,2
9.728572034199289,10.141578202926768,9.45221619131522,0.14025503124748182,24234.185036389044,1923958.97588,2
9.709727403388928,9.914991824514278,9.548040005241171,0.07978743243107109,24137.00410431894,1930404.83474,2
9.699693236513468,9.810954289821098,9.58308370645111,0.0535440398841163,24086.250456748094,1928368.94434,2
9.703218459078869,9.779794868276113,9.625701877751245,0.03690752094930398,24103.37552120615,1926962.6966,2
9.701782206968556,9.782918178212219,9.62288681333163,0.03197771862393656,24096.15374488065,1927106.14008,2
9.697725081770802,9.782918178212219,9.62288681333163,0.026876812020975322,24075.92809590551,1926415.70207,2
9.695388220897811,9.731027403320107,9.638286447915505,0.01835039288632284,24064.227709655832,1926899.68034,2
9.699561405196235,9.76428142276389,9.628866761835104,0.02700295282855266,24085.04847683425,1925235.98472,2
9.699347265112051,9.76428142276389,9.628866761835104,0.03333740030158079,24084.08288038284,1926237.17889,2
9.699491858074456,9.760377196991609,9.632827179280318,0.027572935014679723,24084.71105832909,1927442.51852,2
9.697622894992662,9.760377196991609,9.653266091485948,0.01939710796273714,24075.332111688487,1926338.96968,2
9.697754167739301,9.74579807627054,9.653266091485948,0.017356474843304576,24075.96470915174,1925894.56146,2
10.08963174700781,14.476870193263883,9.668265766669288,1.0731689307147716,26355.804248084314,1936294.59298,2
9.926469978848074,14.575424476498023,7.299525521159666,1.6123912540866887,25890.460620090194,2249512.56691,2
9.576460810101816,14.575424476498023,7.299525521159666,1.1657420143742876,23825.294359422296,1981259.77321,2
9.763085155303914,10.426425070145326,9.454094927603181,0.16000246612443167,24407.918729953675,1947292.43567,2
9.738390177893752,9.945129989212905,9.616455245172173,0.04993607475726803,24278.716638325674,1941088.18395,2
9.735893949943737,9.831678808265147,9.654042796414005,0.03392847816641917,24265.928229422527,1942987.96415,2
9.766372494224647,10.382193541506927,9.507822468054773,0.1013306163624361,24420.428694978604,1949853.41977,2
9.761760169524567,10.382193541506927,9.507822468054773,0.10133116162170695,24397.370780577767,1951131.68881,2
9.736240222403305,10.008275163538489,9.486476644296213,0.05832568821279764,24268.23054188786,1942096.13074,2
9.739677495233959,10.064586836837064,9.395349433900424,0.08848524122913444,24286.50172136505,1940586.61779,2
9.74864487850466,10.160385509834095,9.354839758559425,0.11040844994437878,24332.356350211645,1945785.33373,2
9.755048715146327,10.160385509834095,9.354839758559425,0.10610378824011626,24364.091762881773,1955841.70475,2
9.769113712693212,10.296855602456779,9.31483467757063,0.13999798935029167,24436.526635149494,1947234.73732,2
9.78020248412114,10.58554219755942,9.31483467757063,0.16125925522164286,24493.66148551782,1956285.19777,2
9.770623880397991,10.58554219755942,9.559180795152932,0.11800878997570016,24442.62837419905,1959227.37338,2
9.775014947948744,10.627058925054067,9.345052037839281,0.1346654074453516,24465.67731317346,1966605.0314,2
9.772500671334885,10.627058925054067,9.345052037839281,0.14097739944804932,24453.540863589362,1947965.78495,2
9.746724451963171,10.141681355554265,9.493535103341655,0.08777092003070304,24321.62336688635,1946259.79827,2
9.731579636897507,9.967804215163316,9.493535103341655,0.05143186549415967,24244.809591313002,1939948.04821,2
9.727491367412913,9.793619662544526,9.649609063801332,0.02140181585197131,24223.883863248506,1937803.25037,2
9.731314536345042,9.862817204674158,9.648996141024627,0.03275336151766978,24243.086179320588,1939492.54353,2
9.73557223835729,9.862817204674158,9.648996141024627,0.029721786288942367,24264.256049370473,1940754.29268,2
9.74755682627531,10.279001258357871,9.510587298747406,0.0841672240382394,24325.6187399856,1943709.6119,2
9.744221403749826,10.279001258357871,9.510587298747406,0.09036990163157291,24309.252476010788,1945035.25213,2
9.73748332980647,10.056018638139212,9.570177152574477,0.05961938411019511,24274.466833720464,1941079.35077,2
9.761534409617372,10.140023052690367,9.552493665866745,0.0947596883224182,24395.912557740783,1953808.58378,2
9.775346799433303,10.183058036326901,9.320538390569926,0.14258007104225762,24467.899936217436,1955332.98101,2
9.755144397809541,10.183058036326901,9.299812613236114,0.13077168337944314,24366.065524553924,1949437.15448,2
9.742690523675723,10.166151151918989,9.234559553799922,0.11222963682786762,24302.749217664827,1940923.95217,2
9.740860696444486,10.166151151918989,9.234559553799922,0.11193787404147301,24293.60568196656,1949207.52592,2
9.739287187571293,9.921464827190244,9.475048340863747,0.06461856727825102,24283.61996319422,1942091.89667,2
9.741061530341002,9.921464827190244,9.61535416092326,0.043157524056813605,24291.876431301655,1940261.73835,2
9.758018734996753,10.608623996179025,9.043826273420262,0.17947612769045757,24384.292176117346,1965019.55967,2
9.758486917522944,10.608623996179025,9.043826273420262,0.18422320410317802,24387.073307749506,1937628.17833,2
9.771101431757803,10.586106164086896,9.147674732974778,0.18192808516794343,24449.925380575296,1965941.99793,2
9.779996413547225,10.586106164086896,9.147674732974778,0.17788370766413947,24494.072950386922,1951098.03879,2
9.579275354219327,11.238157071862126,7.176255804467855,0.6588151880214789,23602.317763563922,1949779.83252,2
9.622604437375756,13.367831217260067,7.176255804467855,0.9379285574419526,23929.4018910896,1784757.50001,2
9.849706491708758,13.367831217260067,8.622090114198297,0.6970227443545425,24960.65502181304,2084013.35568,2
9.792946674266599,10.71755904229688,9.295514274267486,0.288032591626334,24572.10043875026,1941503.05746,2
9.717709698334048,10.38458187745476,9.439968945354494,0.1568923618120104,24181.375230538382,1932210.27938,2
9.715600315158964,10.106677412343616,9.252785959445319,0.12781313265966238,24168.761774284096,1931548.92338,2
9.731864582242942,10.106677412343616,9.252785959445319,0.12599511722500367,24249.616132269854,1939580.13595,2
9.732594492157801,9.824791064360777,9.603786168941836,0.04836684855568013,24249.788134609815,1940427.89223,2
9.73616502420841,9.959046175140548,9.49912110153707,0.07571813112686455,24268.45250918412,1941423.71329,2
9.739681163572332,9.959046175140548,9.49912110153707,0.07515832210940866,24285.96171300556,1943863.34888,2
9.737624607178098,10.012030447511147,9.609089775807174,0.07628074619450728,24275.75084609546,1938545.14771,2
9.745302203158737,10.012030447511147,9.509522677068388,0.10405726893495021,24315.326194203837,1945336.95436,2
9.7457252212335,9.970447106743366,9.509522677068388,0.0960201353297147,24317.025268268917,1946507.8371,2
9.743436541680023,9.970447106743366,9.597968228719306,0.06214673098623068,24304.23497162696,1942088.71938,2
9.742064684665213,9.841665179728794,9.66709237356018,0.03241800041092026,24296.672063219652,1944600.34776,2
9.742297908791063,9.806977069987145,9.677792098117862,0.02246503864987914,24297.69554472864,1943817.09766,2
9.742788267903917,9.790516401375559,9.7043404838142,0.018471307332229205,24300.099692134594,1943440.09547,2
9.744065398285606,9.795689060672814,9.7043404838142,0.018614112399524554,24306.472184639293,1945233.47183,2
9.743465786880805,9.804308158178426,9.636352025743724,0.028031437783032666,24303.593293214966,1942849.26973,2
9.738972670892252,9.895320841334218,9.627630413841668,0.05220401688347616,24281.680369603833,1944707.33622,2
9.74299182841101,9.895320841334218,9.627630413841668,0.04985073291316049,24301.66396519826,1945719.33871,2
9.736627405868898,9.853601954707653,9.616016350647559,0.04281212984675424,24269.759006509903,1941273.30555,2
9.736062223579202,9.871188048545475,9.616016350647559,0.051405799944514836,24267.148845484524,1942450.7407,2
9.74803191705609,9.933115936657293,9.618685844457051,0.049279034693445106,24326.79799787637,1942704.16191,2
9.741539692018447,9.933115936657293,9.584669266792492,0.05961755644445305,24294.69435499706,1941744.11664,2
9.735798671176173,9.86562347533989,9.584669266792492,0.05421656087435583,24265.91109149409,1943421.39109,2
9.736357518172106,9.821270667047862,9.649254418570838,0.031427787484271566,24268.197229438116,1941549.52377,2
9.742655901959045,9.812378454798477,9.687793809885703,0.02484108020737598,24299.51004243028,1945919.9783,2
9.744698016615997,9.812378454798477,9.682892136648766,0.024140473224557247,24309.688882556737,1943906.27499,2
9.741448828961023,9.826047599833863,9.669693577483054,0.027549938885470672,24293.525577318065,1942547.23617,2
9.740662794088497,9.826047599833863,9.669693577483054,0.028339104354732005,24289.61658188174,1943559.17645,2
9.739808186763312,9.810366693439153,9.64290733819551,0.03174598584397989,24285.40705857507,1944122.47367,2
9.738412400290482,9.810366693439153,9.64290733819551,0.031403582883064,24278.44153936622,1942933.6711,2
9.739258543422915,9.81251507777753,9.687456726277507,0.025797832813666644,24282.578560976413,1940987.68427,2
9.740202112345525,9.85448409235434,9.674641586082041,0.029544836394234567,24287.33698219464,1942912.11959,2
9.736526075957748,9.85448409235434,9.60001500941595,0.04685405303121223,24269.34664450321,1943077.54495,2
9.739786325831936,9.838563405098624,9.60001500941595,0.047656416941040565,24285.621454576245,1942151.50728,2
9.743672043547047,9.82294957914425,9.658749981983524,0.036841999255874204,24304.768569628017,1943678.24959,2
9.738878285917838,9.82027157241074,9.658749981983524,0.035057347260806775,24280.82669709285,1941070.93376,2
9.735386112771033,9.872868203227517,9.64839158143557,0.03554919123707328,24263.425666491574,1942077.25337,2
9.736192565234774,9.872868203227517,9.64839158143557,0.03230020601080634,24267.389176484154,1942371.27065,2
9.73755945215506,9.802978060675672,9.633539310461751,0.027704089868988126,24274.13288981755,1939833.31078,2
9.738462692674881,9.802978060675672,9.633539310461751,0.02962507148136285,24278.664514939082,1942571.07715,2
9.737882014077627,9.806980654810225,9.672224011754079,0.02588548577709602,24275.716141688434,1941575.22785,2
9.739673739480533,9.806980654810225,9.681850593805981,0.02183480320526969,24284.600655400372,1942816.63841,2
9.745521093840615,9.898461892803445,9.495531675211259,0.05412319679456324,24314.39634199645,1944901.50841,2
9.738774600500673,9.898461892803445,9.495531675211259,0.0724273497649805,24281.33796872986,1942282.97757,2
9.733787553573757,9.881080443824633,9.553402034212425,0.060242497572744656,24256.06381993503,1939948.06201,2
9.738213702081524,9.83266559945434,9.657495108198576,0.04413200419454836,24277.696957747856,1942507.13215,2
9.736896158401454,9.830873104427656,9.634362410223218,0.040149320114962216,24271.04224445406,1942983.28613,2
9.7350384763348,9.830873104427656,9.634362410223218,0.04221567984549465,24261.82561263202,1940178.87913,2
9.73593043990143,9.88215111827743,9.563495598253647,0.06113095583686046,24266.77210223637,1944088.3348,2
9.740037066725954,9.88215111827743,9.563495598253647,0.06546410983062267,24287.387548383093,1940442.11976,2
9.738649378191361,9.887111581554446,9.611288901582103,0.05787948016561006,24280.22828686623,1940170.09372,2
9.737309710023974,9.917255239462829,9.537752093251113,0.06551706533238057,24273.790175942897,1939759.23758,2
9.734767937203733,9.917255239462829,9.537752093251113,0.05990730221967493,24260.939693073684,1940177.76989,2
9.73414436641727,9.834967248861673,9.609035728144594,0.04001405368541984,24257.32292371083,1943362.37283,2
9.735773965772026,9.812073718178073,9.620437169946607,0.03661174886835001,24265.378593986447,1941080.18272,2
9.737646751521787,9.80533377879384,9.620437169946607,0.03930148876815805,24274.7670692972,1941644.89743,2
9.735113428713195,9.825471626432583,9.637424469467602,0.0355246185960077,24262.066039920224,1940722.295,2
9.733591974063405,9.825471626432583,9.637424469467602,0.03056685520344193,24254.39924484828,1940344.69504,2
9.73552702086625,9.802215712169803,9.680772452431679,0.023262989358874067,24263.943050416845,1941400.42739,2
9.732322308633247,9.785700597236652,9.680772452431679,0.02033987634560176,24247.938874800675,1940168.32022,2
9.733290537250436,9.793201280563931,9.661441424351676,0.02157481092291723,24252.77699967879,1940619.30387,2
9.732802316102923,9.81181322058436,9.632262819255633,0.037177190634603285,24250.578705367534,1940272.85279,2
9.736020793376456,9.81181322058436,9.632262819255633,0.036172799547880156,24266.60079628438,1940392.98424,2
9.739148153184345,9.817419137762702,9.669662111065914,0.029582124827966055,24282.081754056548,1943378.08087,2
9.735217958836545,9.817419137762702,9.646787369135854,0.03536363096784966,24262.584138866892,1941588.93019,2
9.73654071157166,9.878083621780416,9.62505957595629,0.04918703653383126,24269.476964519767,1939727.8245,2
9.73575905085486,9.878083621780416,9.62505957595629,0.053098065036800146,24265.68286740813,1942713.76639,2
9.744293041414231,9.985385786134902,9.539930674154744,0.07286373818898864,24308.87833633196,1940924.98735,2
9.744449065043327,10.230443353289417,9.460889198034412,0.12946883423370792,24312.58873862697,1943161.93187,2
9.714428870877818,10.230443353289417,9.203610643943533,0.18884463600713888,24167.88238947665,1925509.62102,2
9.706948510556323,10.154015966600209,9.203610643943533,0.20102075796987248,24131.906235321963,1947069.38843,2
9.718528739933502,10.154015966600209,9.368309956593254,0.1587103294401601,24185.59739842163,1927938.66955,2
9.73392249751215,10.005952499279406,9.464051540289349,0.11714221854813858,24259.32018865653,1944620.63927,2
9.73601665596494,9.980327817775272,9.473006970096979,0.0811093095789363,24267.92935560374,1937410.94808,2
9.727545916613682,9.848816509343521,9.630680339155074,0.043715085585476425,24224.527505545026,1938805.94682,2
9.727084350073245,9.848816509343521,9.64017406194439,0.040044622075969434,24222.15002245044,1938807.5198,2
9.72758077913373,9.828984598998716,9.655531042576332,0.02816187918089623,24224.414951938805,1936748.16241,2
9.72831922513396,9.795061691985245,9.677211936645897,0.023709623805447347,24228.03381564723,1938972.58669,2
9.72567499138676,9.793763369088323,9.591002193744238,0.030569349877746396,24214.96026194888,1938493.30117,2
9.730644936871006,9.914995440145512,9.591002193744238,0.047401970196423567,24240.050645563344,1940056.58586,2
9.734282774425782,9.914995440145512,9.637809474826291,0.0423175800035588,24258.061288975325,1939398.35349,2
9.73179227177483,9.801872093160734,9.672766905737186,0.026530712866191276,24245.372083123584,1939212.54722,2
9.72947061594172,9.801872093160734,9.671555848384116,0.026848531051783434,24233.809743383805,1938723.68906,2
9.729626659255542,9.789316021687778,9.671555848384116,0.02273275407667418,24234.534836890645,1939016.77394,2
9.73104940881908,9.774126696516593,9.683413077529238,0.019028168120366076,24241.58327502341,1939486.03548,2
9.731019268885861,9.796894648655826,9.668042934392549,0.02611500835021721,24241.5150093028,1938780.38553,2
9.733212589258326,9.812444699000604,9.668042934392549,0.028975403143922825,24252.484321711137,1939970.01504,2
9.73275785321836,9.812444699000604,9.679768483518439,0.022327266288723367,24250.13092766812,1940478.0538,2
9.73125573122794,9.84735009876058,9.622178342932122,0.030559436837914566,24242.757628348532,1939011.32867,2
9.732449924146735,9.84735009876058,9.622178342932122,0.032483193250785976,24248.738991070095,1940627.92349,2
9.73080625661051,9.813776042145616,9.670612297832015,0.027268595609113204,24240.469498879167,1938933.35244,2
9.731867274442493,9.813776042145616,9.670612297832015,0.025697623520086657,24245.734659896145,1939933.52573,2
9.734184577176354,9.786825620837048,9.681812739281218,0.023594641592594078,24257.255958950365,1940545.6372,2
9.733198229462236,9.786825620837048,9.681812739281218,0.022622681072765542,24252.32884728466,1939763.26547,2
9.732828590377181,9.780689068632801,9.679212315694924,0.016589897583346915,24250.42626415751,1940122.78325,2
9.733548251488347,9.785145251203845,9.679212315694924,0.018462047721135823,24254.029417282036,1940259.40634,2
9.732128593470618,9.785145251203845,9.686061300563356,0.019291298621520264,24246.962973197027,1939136.78064,2
9.733861646745495,9.797938500963635,9.654141617126596,0.023297999832848706,24255.64297082346,1941929.84588,2
9.734703961688385,9.805768913091674,9.64236460818788,0.0335390024631304,24259.990038117823,1938882.53445,2
9.732234057985737,9.805768913091674,9.64236460818788,0.03266126929962089,24247.66630859003,1939514.60985,2
9.732787313016614,9.829795975914811,9.670157619801392,0.027295426067251757,24250.340843699545,1941501.76547,2
9.73471088545764,9.829795975914811,9.677858345865108,0.024775977855796594,24259.8937273667,1939979.88558,2
9.734974779251864,9.782774303294238,9.689203830797052,0.018909138554865645,24261.143426096845,1940758.43412,2
9.733441037484795,9.787917138836383,9.689203830797052,0.01985843950702107,24253.508809680065,1939910.03269,2
9.732605093330058,9.78881336688507,9.675011378350638,0.024695602735223688,24249.398214530207,1940756.9951,2
9.734293360435885,9.79072039938809,9.675011378350638,0.0251136813972463,24257.81706854899,1940301.33679,2
9.7321973170796,9.79072039938809,9.690908364391458,0.02050268916569689,24247.317754581596,1940485.21447,2
9.732675536612104,9.771243626224472,9.690908364391458,0.018561987224672897,24249.68131797439,1939502.47686,2
9.735452887657715,9.788991304937339,9.684431703381822,0.01722090088955648,24263.51090873099,1940815.78392,2
9.734900085331635,9.830484608140853,9.680856241499527,0.02274537037887088,24260.812037955475,1941011.18039,2
9.733610413962008,9.830484608140853,9.676525617224488,0.02761667423791585,24254.447199100316,1939565.81644,2
9.732746818863877,9.816887652033566,9.676525617224488,0.02180171564334519,24250.070004456942,1940772.5292,2
9.733444774618533,9.772917695087719,9.67716061681755,0.01692313235727529,24253.499794677155,1940264.96562,2
9.732381287623376,9.772917695087719,9.67716061681755,0.016666799245317287,24248.19796732896,1940390.79894,2
9.735224538447586,9.81138063815936,9.675649814645492,0.021641519565412524,24262.41668335645,1939811.61394,2
9.736597868265768,9.81138063815936,9.669024101452212,0.03056210971304112,24269.381655262114,1941264.8821,2
9.731314037396707,9.805106385090252,9.669024101452212,0.03180523742668612,24243.068023695865,1940861.81857,2
9.731989232051873,9.82583534246525,9.66808293793494,0.035008334069814705,24246.487039034357,1940194.22695,2
9.736106838599946,9.82583534246525,9.642630890726528,0.03952838962600741,24267.094749752083,1940234.1602,2
9.78992683436171,10.726654374410879,9.469387299273242,0.16462809813935897,24542.661077210236,1946711.90016,2
9.831958730054037,10.726654374410879,9.185172957208227,0.29646518858282783,24769.35784384698,1995460.72984,2
9.874463281361674,10.784241962415269,8.631307534019637,0.4561702414046897,25014.55779433042,2022855.45672,2
9.681948629651227,10.784241962415269,8.4473645455645,0.5003365551274568,24061.559279514135,1892085.33162,2
9.569485341131395,10.467302416126419,8.4473645455645,0.33198171650490543,23471.42695788088,1833615.92256,2
9.802294565726942,11.471665987824027,9.233023538994226,0.3934475719539301,24637.383614760034,2031184.50649,2
9.811786295919443,11.471665987824027,9.233023538994226,0.3428353835592795,24675.50372275529,1945173.31371,2
9.74766890098185,10.09216031915996,9.368081537251365,0.12760081396489523,24328.532728548656,1938646.89548,2
9.755135457539314,10.09216031915996,9.531113700172165,0.09230985346593813,24363.82435942084,1943940.70454,2
9.740343029012578,9.822484495025481,9.622180127080574,0.03209918690341404,24288.080046242256,1944454.97433,2
9.73910056229684,9.811470178751339,9.654220516656938,0.02967447468017622,24281.845846266406,1942132.27515,2
9.739892171938994,10.361152718381101,8.416901906683927,0.2187828790756251,24297.821560108827,1942361.60256,2
9.564177021207387,11.834653160057703,8.245634589254795,0.5228927848026238,23487.206133091855,1898260.27172,2
10.01963231835137,12.30749530425524,8.245634589254795,0.9716564744886717,25942.309913437944,2095576.58276,2
10.164869081268218,13.46505953670441,6.417569577441872,1.4851947086242714,27015.773891033125,1943496.46455,2
9.659055193278629,13.46505953670441,6.417569577441872,1.4412555592760674,24415.88859237045,2097397.80981,2
9.667827629512526,11.965606098828765,7.917884358769444,0.7144705092800682,24058.203950744763,1972039.60527,2
9.743115402260822,10.52865946049003,9.202970934268903,0.2973331092043137,24324.276408217895,1917644.36683,2
9.764643317828146,10.34270015911807,9.299343647044836,0.20173298495602504,24419.572562336034,1956027.08826,2
9.72731218827369,9.873550887586946,9.46236619442221,0.0868871493706349,24224.806856925083,1943815.78818,2
9.725796200109807,9.846508035720927,9.588976309412809,0.048720817521721284,24215.932273697363,1937471.62643,2
9.732369215959256,9.836551944261625,9.620412439310076,0.03785223045904675,24248.433496858135,1938797.42048,2
9.729806729897346,9.814329338665033,9.620412439310076,0.03744306975507896,24235.65849206486,1937706.03655,2
9.7242250924099,9.795855303185153,9.652420522197234,0.03019548810492524,24207.735146331186,1935876.04452,2
9.723381269077542,9.812016716112193,9.614270172690249,0.0375724523182151,24203.662078213423,1937065.64209,2
9.725076232470501,9.812016716112193,9.614270172690249,0.04097199378759858,24212.169326499214,1936267.18307,2
9.726487083790278,9.84191618970021,9.608050074882915,0.04773332254562568,24219.34834207241,1937212.00705,2
9.729415659731302,9.846867543034032,9.608050074882915,0.05668419832142092,24234.17399761,1940672.22951,2
9.727393988539276,9.846867543034032,9.644292908816935,0.049073906424996386,24223.89812647984,1936968.55699,2
9.72439749268955,9.824172471208929,9.644292908816935,0.041148058609482535,24208.79353818985,1937258.99939,2
9.724638844977418,9.833998611931298,9.6317662551634,0.0426843172294535,24210.028189742356,1937150.75117,2
9.725512822340928,9.833998611931298,9.6317662551634,0.03692394255928134,24214.262536973296,1936440.68594,2
9.725089701028462,9.779779374714234,9.637573901510605,0.026668343475708872,24211.98870875996,1938008.49864,2
9.72385316878185,9.7755525636044,9.66514278678852,0.021012327603532905,24205.763063280687,1935928.12416,2
9.724539967998641,9.766360159328787,9.686675014896938,0.016708727452305155,24209.140933318686,1935858.34218,2
9.725854129150779,9.76458368848701,9.686675014896938,0.01512732081687426,24215.671648602714,1937569.27011,2
9.726044632287234,9.768733232334307,9.669402571617276,0.017628993440812712,24216.641272487177,1937632.37306,2
9.721574475771956,9.821581321407297,9.61367551689537,0.03456989615351581,24194.612573619408,1935088.16413,2
9.72069045252893,9.821581321407297,9.61367551689537,0.041997955802629564,24190.35819575774,1933889.34269,2
9.724347088654332,9.80385185789152,9.614599800981514,0.03035097346571435,24208.344955445835,1937686.9014,2
9.72362526440692,9.773744239619033,9.682641583556466,0.015848441593288697,24204.579700662653,1936119.59077,2
9.719519907108687,9.803104761900329,9.584470138021167,0.03209489129153741,24184.34491052264,1935248.10357,2
9.725930648650062,9.926657828017555,9.584470138021167,0.05333038253720477,24216.722204685353,1937990.27974,2
9.727995547688277,9.926657828017555,9.628198589990543,0.0475335768415823,24226.85614509318,1936141.9106,2
9.722096191987436,9.804839147309213,9.65378737903607,0.027107611465326302,24197.091632347125,1935965.16694,2
9.721211301026521,9.789503080458175,9.656184037907733,0.025256111891184714,24192.662279780765,1935255.13723,2
9.719846770351113,9.77837126330372,9.6610736638337,0.024686800225363563,24185.863853365845,1934601.58161,2
9.72157248983067,9.8621576193184,9.555312960095327,0.04713727229543078,24194.86556095282,1936364.31284,2
9.724463167377987,9.923012584578657,9.555312960095327,0.07344659185850869,24210.06804365997,1936737.01597,2
9.72514658278641,9.923012584578657,9.585550955613106,0.06255694152084434,24213.091693469345,1936113.2789,2
9.723849870226754,9.8054015228733,9.64778002718288,0.035522444849874595,24205.956644556034,1936761.45077,2
9.724935479802841,9.811511624471056,9.650515576562912,0.039319124464537954,24211.43451644845,1934886.09656,2
9.723930016711465,9.811511624471056,9.639899272943522,0.038340770878557744,24206.408956061132,1936987.043,2
9.721187328406518,9.81028856345814,9.639899272943522,0.03386789355344194,24192.673307695415,1936274.65632,2
9.720032134140016,9.828441991753076,9.596359506774768,0.03486050725300004,24186.941425582198,1936602.11187,2
9.723692277194614,9.828441991753076,9.596359506774768,0.044117350491787874,24205.347287600278,1936061.63578,2
9.727287666612572,9.824148795138413,9.633620887930864,0.04370453762155655,24223.241071524295,1936867.41338,2
9.7296986644041,9.899539953972603,9.633620887930864,0.044771805504292085,24235.274397356814,1936766.19839,2
9.729762029147086,9.899539953972603,9.65065219090987,0.04631623289678223,24235.626070339116,1942160.06602,2
9.722867004435447,9.888762937967407,9.650530204664923,0.03924142619722215,24201.134764920193,1935430.59938,2
9.726914181776806,9.896868003535745,9.629185744198534,0.048467723845593974,24221.49340669581,1939343.99845,2
9.729107485697643,9.896868003535745,9.629185744198534,0.044997439618342246,24232.334652884514,1936861.41839,2
9.723758195750914,9.779683625024427,9.649273615098515,0.022090162776080117,24205.30212472949,1936578.50084,2
9.724560841835835,9.762777154564203,9.649273615098515,0.017349723473433644,24209.250452344713,1936911.96461,2
9.722482071630498,10.05921463685138,9.560330785884679,0.06861308505498279,24200.02953948602,1934337.04565,2
9.723437677236724,10.05921463685138,9.560330785884679,0.06935348533572935,24204.812843272943,1937942.12785,2
9.726096667894787,9.765017180782706,9.676825635913476,0.01611477102307364,24216.88731624428,1936547.25788,2
9.72658592972529,9.757430405439314,9.690822099951292,0.013323591499886456,24219.30274980364,1938720.40761,2
9.727677655829133,9.757430405439314,9.685056613624475,0.013529316429992758,24224.741278238842,1937728.60609,2
9.725565562215085,9.755280098408855,9.675647747911592,0.013857865831375497,24214.22529161969,1937309.54285,2
9.725670729420255,9.788519403031087,9.671892261577266,0.02136655998650092,24214.81668274881,1936488.57083,2
9.721938917605002,9.788519403031087,9.665610642330757,0.02366327337469609,24196.26400464627,1936397.68194,2
10.021876319704567,11.125942493151195,9.617233963428152,0.4740972974805015,25769.66994302297,1986952.10844,2
9.83340196700459,11.125942493151195,8.492213022466398,0.7086115603237236,24882.668694557226,2034580.8388,2
9.633434689229702,10.863058974891791,8.492213022466398,0.5563811261501087,23836.831710512706,1956758.2029,2
9.808350512676414,10.863058974891791,8.792475307238387,0.39676280780324663,24668.457089324955,1942473.64758,2
9.721455166531142,10.853920780211991,8.826472079993321,0.3669065702786594,24228.175612464303,1926980.43347,2
9.720373386895352,10.853920780211991,8.509688511186573,0.43007392366479763,24235.679324282843,1935835.37572,2
9.70921353607439,10.536406019911345,8.509688511186573,0.3220973130732161,24159.37898705386,1933702.72185,2
9.751836246783856,10.538916109726978,8.92748035843824,0.2953921363636321,24367.5050747681,1957476.37114,2
9.759286343170025,10.538916109726978,8.92748035843824,0.30455375600405876,24406.12426707997,1956122.81253,2
9.722728097398548,10.261659809177436,9.36401035015132,0.14932735655578072,24205.757520731946,1934100.4635,2
9.715927278163797,10.226651400574685,9.418466678358362,0.12105479451341332,24169.957667287566,1933135.04974,2
9.723784176316164,10.016852017828885,9.423587930706102,0.09301220241149044,24207.521274207757,1938138.84181,2
9.716671973724532,9.930439112426765,9.423587930706102,0.08497743037199534,24171.75946461092,1935186.39795,2
9.719407749903784,9.930439112426765,9.583701849497317,0.061873157468236996,24184.503115905234,1935719.89833,2
9.724336779045908,9.802293171535851,9.640165635383836,0.03292390153347352,24208.335302552867,1935410.26017,2
9.723825401883952,9.882559684626559,9.435831116706497,0.06698228697924453,24206.660370711696,1934230.27012,2
9.72453174538978,10.125205913322958,9.435831116706497,0.11312226806781563,24212.304464544366,1940657.75591,2
9.729667184288404,10.125205913322958,9.472184708018215,0.10674145728812655,24237.521217464993,1940194.77702,2
9.725362522408359,9.887614555339395,9.56402443229125,0.06549931103996724,24214.263386115017,1934932.94549,2
9.722732441386711,9.885617006828557,9.498867780097813,0.06756274015583442,24201.239257766643,1938610.87651,2
9.725347377240539,9.885617006828557,9.498867780097813,0.06149674085634072,24214.057845026662,1938625.69376,2
9.72381287617247,9.797615878192426,9.650827294832904,0.03155411908492435,24205.704323391685,1933796.53995,2
9.72508262677518,9.797615878192426,9.676628612595733,0.02292781295813952,24211.90599224614,1937418.5262,2
9.725760793311313,9.813325424224455,9.646453714521554,0.026869230561376734,24215.33311085118,1935637.29421,2
9.735043441783823,9.82369960250778,9.646453714521554,0.03600682303750629,24261.72603000921,1940666.74823,2
9.7470354614656,9.837697843298187,9.657620992487148,0.03265903209614425,24321.476326258016,1947133.49206,2
9.743136050610815,9.837697843298187,9.662276965656044,0.03028729530978827,24301.98205976814,1944116.43697,2
9.742465826702212,9.857027881384512,9.662276965656044,0.0334126387298074,24298.689737955152,1944958.63099,2
9.738113240095283,10.419233878913705,9.020220035615685,0.20035944697311034,24286.974306537064,1944147.1907,2
9.799780587795532,10.80279807394363,9.020220035615685,0.36106095155645385,24618.512532396282,1965320.72286,2
9.816290620905095,10.80279807394363,9.119256551612526,0.3477982400831295,24699.014443487813,1966782.98149,2
9.754036031981181,10.637874441670473,9.207930320166138,0.2170224271321129,24368.20931764877,1958753.7842,2
9.736376301347287,10.253565234599048,9.207930320166138,0.12504669857094156,24272.041000514706,1940657.7169,2
9.721637842562936,10.05541967162979,9.399564895840905,0.08793692237418138,24196.601662532707,1940395.30687,2
9.738460131014314,10.488561094916914,9.204208052885212,0.25494812594005,24295.06669319057,1942302.37762,2
9.748071808561871,10.488561094916914,9.204208052885212,0.2544214887689977,24342.94637537949,1944350.39609,2
9.738903625394173,10.03784487100513,9.439204504441603,0.10994596634364823,24283.73297669914,1944902.5826,2
9.73713304679686,10.034356565357864,9.542072677500682,0.07431925781424031,24273.224530715022,1940299.73253,2
9.734386656850631,9.826535871577224,9.647829801716366,0.02792490856420712,24258.320226711025,1941749.16274,2
9.73796353312871,9.788855027860619,9.690504136107487,0.02122382095377183,24276.066361118843,1941086.46731,2
9.737917032882418,9.788855027860619,9.690504136107487,0.02126562135347913,24275.83497368399,1942183.18172,2
9.736596431158327,9.808522316386734,9.694888454580688,0.019175668230749055,24269.229508991277,1942121.14455,2
9.738953956031924,9.808522316386734,9.675556743067514,0.02278264531339262,24281.02226089916,1942206.15166,2
9.740136512375058,9.803278525217106,9.675556743067514,0.022996474029610997,24286.92175808501,1942638.37326,2
9.734418931062354,9.78293957802319,9.689973370248799,0.016353291614644185,24258.34991502638,1941663.9275,2
9.736388284237261,9.77827059723924,9.689973370248799,0.014263510110889437,24268.14982890324,1941855.12893,2
9.740405697815682,9.778316998355324,9.710681544523627,0.01576007456510131,24288.192393725563,1942187.73848,2
9.734794715818719,9.820600361092636,9.627737700280651,0.02660354392368253,24260.33559236642,1941617.31599,2
9.787699388867892,10.703521359463707,9.556689586750831,0.1903303239839708,24533.83294952262,1938604.06471,2
9.776286559202468,10.808527729105549,8.960915216094742,0.365866033533763,24501.66703158696,1961291.28482,2
9.71458125225772,10.808527729105549,8.960915216094742,0.32430707166092354,24186.435579762292,1959647.07115,2
9.747428265625249,10.205358338406914,8.980540919797235,0.20786977531432715,24334.22531507181,1953442.78422,2
9.77283553549503,10.191295791231871,8.980540919797235,0.21778585473846107,24462.270741083797,1954534.63078,2
9.747339082205116,10.141926466009206,9.306360884951635,0.161567579774122,24329.40115617723,1930749.65868,2
9.72345049731845,10.139297830584217,9.306360884951635,0.11328533976450358,24206.930724354035,1937833.40691,2
9.723632934287618,9.895483844068325,9.615243262777234,0.031726398835315285,24204.811265317352,1937092.88333,2
9.72744774286327,9.914738031198157,9.573149393095726,0.05060511153749489,24224.20491966705,1935082.48012,2
9.724459020243653,9.914738031198157,9.559938625551919,0.05923507941267708,24209.56467994398,1938428.83071,2
9.718983152075698,9.825676926329283,9.559938625551919,0.045113798679963436,24181.931203881624,1933082.99024,2
9.704697546580737,10.551815448735828,9.071713893190921,0.23434196143374972,24124.434080127692,1959765.96968,2
9.726338368861647,10.551815448735828,9.071713893190921,0.2869818316002955,24239.10825913828,1899960.52191,2
9.741269068292413,10.541822475952998,9.233218361765209,0.18084551475304286,24300.807209235667,1942579.38954,2
9.717567603621966,10.136211269798817,9.389322140251277,0.10192542990873693,24177.026284601656,1929756.27516,2
9.718818537872762,10.121102359303595,9.389322140251277,0.08849032742655927,24182.59566339772,1938339.26686,2
9.722821915157319,10.121102359303595,9.550736860400253,0.06445211484271317,24201.579537656617,1933930.33308,2
9.724367496765108,9.925696372734755,9.523908955052539,0.06789452084681012,24209.390816794294,1937759.67342,2
9.728672773193972,9.955005290251625,9.457353079823303,0.07318443901341479,24231.022051839853,1937829.61524,2
9.731645217924811,9.955005290251625,9.457353079823303,0.06374718699839335,24245.49948196072,1939943.1805,2
9.726893149174108,9.895960018917268,9.561220902995014,0.05174053950429664,24221.47261923287,1937120.40516,2
9.728277764245412,9.94958159286424,9.522901760403027,0.07372415058203803,24229.074818224843,1939214.40064,2
9.728485909807628,9.94958159286424,9.522901760403027,0.07046642169926211,24229.991325161645,1937679.01727,2
9.730025227547564,10.014393614227808,9.185593513176757,0.11341397272037755,24239.680936427583,1939457.65772,2
9.737763370801796,10.014393614227808,9.185593513176757,0.13039486718259333,24279.305801501876,1941614.20175,2
9.731787753228918,9.990762055083305,9.368296255451131,0.08703194559986951,24247.108462963515,1940766.30378,2
9.729134236584922,9.896476357315532,9.368296255451131,0.06510579706340368,24233.03469012484,1938862.29555,2
9.73186466896499,9.896476357315532,9.581243990360644,0.045224281275057704,24246.07620369047,1939230.94642,2
9.726205055115564,9.828534003052123,9.582007654671916,0.03937375486555144,24217.757457082313,1939335.48784,2
9.727740404393305,9.83039996447523,9.582007654671916,0.038598104014769784,24225.38833635829,1936927.30515,2
9.731644111747656,10.037537963728997,9.544335158064893,0.06668152058035046,24245.591946982327,1937861.82881,2
9.731942016340787,10.037537963728997,9.417193662283582,0.0849998003354354,24247.787616121914,1939039.36068,2
9.729144691077437,9.92435842164455,9.417193662283582,0.06081237545182658,24232.948368621663,1940534.45992,2
9.72624905315799,9.790008814362015,9.681596335127391,0.018636715686775326,24217.668600634443,1936121.23775,2
9.726062022139557,9.766389485696347,9.692772862909305,0.014527269557437222,24216.702336016948,1938164.00616,2
9.727875685420901,9.76886439596765,9.68474077385713,0.01631988170748055,24225.748912522777,1936753.66756,2
9.728281074020245,9.76886439596765,9.68474077385713,0.015899240869778772,24227.764592896187,1938907.78594,2
9.729757155709507,9.8274132053206,9.656276082715628,0.0271804960059055,24235.241750641537,1938642.75293,2
9.732133564670953,9.8274132053206,9.656276082715628,0.030211074772818525,24247.126125986262,1939249.8856,2
9.730335503534933,9.78339332831626,9.672035704524808,0.020523565436498505,24238.041658391205,1940615.08694,2
9.730055573432315,9.87252411199419,9.603253346012249,0.03363553654904821,24236.828879718454,1938344.82887,2
9.544045725425182,11.503166949587104,7.73200105258712,0.7230799371418549,23452.583271552958,1918740.27583,2
9.700123165865104,11.943410944099027,7.73200105258712,1.0413076475989635,24365.238028774635,1993792.09148,2
9.813758696591606,11.943410944099027,8.415136065481102,0.7303611967847281,24791.88153157023,1924911.12757,2
9.58835881837799,9.994598708374543,9.34652181196292,0.06508229855956295,23536.860297101506,1880917.68688,2
9.590620567899467,9.994598708374543,9.34652181196292,0.05785254900930996,23547.737547479854,1884054.83809,2
9.591476160313825,9.940954876114116,9.429976320302506,0.0395300435389689,23551.482254901923,1882326.46891,2
9.592631675256445,9.940954876114116,9.429976320302506,0.05408355010203483,23557.505916806374,1888273.57875,2
9.587166017433328,10.115858807826573,8.329841035795809,0.14325658496860086,23535.17432191111,1880455.98082,2
9.583972465388477,10.115858807826573,8.329841035795809,0.13797786326910016,23519.120923667662,1882131.93738,2
9.586552918678201,9.624398665477809,9.551576129132464,0.013353190127533127,23526.95684359785,1882266.34307,2
9.58524032647443,9.720382456807565,9.278244472413288,0.03855556706045108,23520.849573893887,1881046.03516,2
9.584571538894872,9.720382456807565,9.278244472413288,0.04165141138288069,23517.63108461153,1881702.67791,2
